3 2
2 3
3 50
5 3
6
3 4 2 6 1 8
10
50
Q OT 1 1 3 80
Q OT 1 2 2 60
Q ODN 2 3 4 120 3 10 Y
Q ODG 2 4 5 200 4 15 N
Q OVN 3 5 2 70 100
Q OVC 3 6 3 90 150
Q OVG 4 7 6 300 200
Q OT 4 8 1 50
Q ODN 5 9 3 110 2 8 Y
Q ODG 5 10 4 180 3 12 N
Q OVN 6 11 2 65 80
Q OVC 6 12 4 130 180
Q OVG 7 13 5 250 220
Q OT 7 14 2 75
Q ODN 8 15 5 140 4 20 Y
Q ODG 8 16 3 160 3 14 Y
Q OVN 9 17 2 60 120
Q OVC 9 18 3 100 160
Q OVG 10 19 7 350 240
Q OT 10 20 1 55
Q ODN 11 21 4 125 3 10 N
Q ODG 11 22 5 190 4 16 Y
Q OVN 12 23 2 70 90
Q OVC 12 24 3 95 140
Q OVG 13 25 6 280 210
Q OT 13 26 2 65
Q ODN 14 27 3 115 2 9 Y
Q ODG 14 28 4 170 3 13 N
Q OVN 15 29 2 75 110
Q OVC 15 30 3 105 170
Q OVG 16 31 5 260 230
Q OT 16 32 1 45
Q ODN 17 33 4 130 3 11 Y
Q ODG 17 34 5 195 4 17 N
Q OVN 18 35 2 68 95
Q OVC 18 36 3 98 155
Q OVG 19 37 6 290 215
Q OT 19 38 2 70
Q ODN 20 39 3 120 2 8 N
Q ODG 20 40 4 175 3 14 Y
Q OVN 21 41 2 72 105
Q OVC 21 42 3 102 165
Q OVG 22 43 5 270 225
Q OT 22 44 1 52
Q ODN 23 45 4 135 3 12 Y
Q ODG 23 46 5 200 4 18 N
Q OVN 24 47 2 67 85
Q OVC 24 48 3 97 145
Q OVG 25 49 6 285 205
Q OT 25 50 2 63
