8 6
2 3
6 10
2 5
20
5 3 5 4 5 6 5 8
100

Q OVC 1 1 5 120 300
Q OVC 1 2 6 140 350
Q OVC 2 3 7 180 400
Q OVG 2 4 8 220 450
Q OVN 3 5 5 130 280
Q OVC 3 6 6 150 320
Q OVG 4 7 9 260 500
Q OVN 4 8 4 110 250
Q OVC 5 9 7 190 420
Q OVG 5 10 10 300 550

Q OVC 6 11 5 125 310
Q OVC 6 12 6 145 360
Q OVG 7 13 8 240 470
Q OVN 7 14 5 135 290
Q OVC 8 15 7 200 430
Q OVG 8 16 9 270 520
Q OVN 9 17 4 115 260
Q OVC 9 18 6 155 340
Q OVG 10 19 10 320 580
Q OVC 10 20 5 130 300

Q ODG 11 21 5 160 4 12 Y
Q ODN 11 22 4 140 3 10 N
Q OT 12 23 3 90
Q ODG 12 24 6 180 5 14 Y
Q ODN 13 25 5 150 4 11 N
Q OT 13 26 2 70
Q ODG 14 27 4 130 3 9 Y
Q ODN 14 28 5 155 4 10 Y
Q OT 15 29 4 100
Q ODG 15 30 6 190 5 15 N

Q OVC 16 31 5 135 320
Q OVC 16 32 6 165 370
Q OVG 17 33 8 250 490
Q OVN 17 34 5 145 300
Q OVC 18 35 7 210 440
Q OVG 18 36 9 280 540
Q OVN 19 37 4 120 270
Q OVC 19 38 6 170 350
Q OVG 20 39 10 330 600
Q OVC 20 40 5 140 310

Q ODG 21 41 5 170 4 13 Y
Q ODN 21 42 4 145 3 10 N
Q OT 22 43 3 95
Q ODG 22 44 6 185 5 14 Y
Q ODN 23 45 5 155 4 11 N
Q OT 23 46 2 75
Q ODG 24 47 4 135 3 9 Y
Q ODN 24 48 5 160 4 10 Y
Q OT 25 49 4 105
Q ODG 25 50 6 195 5 15 N

Q OVC 26 51 5 145 330
Q OVC 26 52 6 175 380
Q OVG 27 53 8 260 500
Q OVN 27 54 5 150 310
Q OVC 28 55 7 220 450
Q OVG 28 56 9 290 550
Q OVN 29 57 4 125 280
Q OVC 29 58 6 180 360
Q OVG 30 59 10 340 610
Q OVC 30 60 5 150 320

Q ODG 31 61 5 175 4 13 Y
Q ODN 31 62 4 150 3 10 N
Q OT 32 63 3 100
Q ODG 32 64 6 190 5 14 Y
Q ODN 33 65 5 160 4 11 N
Q OT 33 66 2 80
Q ODG 34 67 4 140 3 9 Y
Q ODN 34 68 5 165 4 10 Y
Q OT 35 69 4 110
Q ODG 35 70 6 200 5 15 N

Q OVC 36 71 5 155 340
Q OVC 36 72 6 185 390
Q OVG 37 73 8 270 510
Q OVN 37 74 5 155 320
Q OVC 38 75 7 230 460
Q OVG 38 76 9 300 560
Q OVN 39 77 4 130 290
Q OVC 39 78 6 190 370
Q OVG 40 79 10 350 620
Q OVC 40 80 5 160 330

Q ODG 41 81 5 180 4 13 Y
Q ODN 41 82 4 155 3 10 N
Q OT 42 83 3 105
Q ODG 42 84 6 195 5 14 Y
Q ODN 43 85 5 165 4 11 N
Q OT 43 86 2 85
Q ODG 44 87 4 145 3 9 Y
Q ODN 44 88 5 170 4 10 Y
Q OT 45 89 4 115
Q ODG 45 90 6 210 5 15 N

Q OVC 46 91 5 165 350
Q OVC 46 92 6 195 400
Q OVG 47 93 8 280 520
Q OVN 47 94 5 160 330
Q OVC 48 95 7 240 470
Q OVG 48 96 9 310 570
Q OVN 49 97 4 135 300
Q OVC 49 98 6 200 380
Q OVG 50 99 10 360 630
Q OVC 50 100 5 170 340