Finished Orders (sorted by TF descending):
TF    ID    TQ    TA    TR    TS    Ti    TC    Tw    Tserv   
844   99    50    50    54    781   727   4     731   63      
838   98    49    49    52    763   711   3     714   75      
808   95    48    48    52    761   709   4     713   47      
799   100   50    50    53    765   712   3     715   34      
772   96    48    48    51    715   664   3     667   57      
750   97    49    49    51    720   669   2     671   30      
743   93    47    47    50    691   641   3     644   52      
726   94    47    47    50    693   643   3     646   33      
720   92    46    46    49    680   631   3     634   40      
700   79    40    40    44    638   594   4     598   62      
679   91    46    46    49    644   595   3     598   35      
663   75    38    38    42    617   575   4     579   46      
657   80    40    40    43    624   581   3     584   33      
655   78    39    39    42    618   576   3     579   37      
618   76    38    38    41    562   521   3     524   56      
603   77    39    39    41    574   533   2     535   29      
592   73    37    37    40    541   501   3     504   51      
580   74    37    37    40    548   508   3     511   32      
579   72    36    36    39    540   501   3     504   39      
555   59    30    30    34    494   460   4     464   61      
539   71    36    36    39    505   466   3     469   34      
516   55    28    28    32    471   439   4     443   45      
511   58    29    29    32    475   443   3     446   36      
507   60    30    30    33    475   442   3     445   32      
480   56    28    28    31    425   394   3     397   55      
460   57    29    29    31    432   401   2     403   28      
449   53    27    27    30    399   369   3     372   50      
438   54    27    27    30    407   377   3     380   31      
427   52    26    26    29    389   360   3     363   38      
409   39    20    20    24    349   325   4     329   60      
398   51    26    26    29    365   336   3     339   33      
380   35    18    18    22    336   314   4     318   44      
371   38    19    19    22    336   314   3     317   35      
367   40    20    20    23    336   313   3     316   31      
334   36    18    18    21    280   259   3     262   54      
321   37    19    19    21    294   273   2     275   27      
310   33    17    17    20    261   241   3     244   49      
300   34    17    17    20    270   250   3     253   30      
293   32    16    16    19    256   237   3     240   37      
272   19    10    10    14    214   200   4     204   58      
256   31    16    16    19    224   205   3     208   32      
244   20    10    10    13    214   201   3     204   30      
221   18    9     9     12    187   175   3     178   34      
217   15    8     8     12    174   162   4     166   43      
217   16    8     8     11    165   154   3     157   52      
197   17    9     9     11    171   160   2     162   26      
184   14    7     7     10    155   145   3     148   29      
166   13    7     7     10    119   109   3     112   47      
132   12    6     6     9     96    87    3     90    36      
126   10    5     5     9     71    62    4     66    55      
118   11    6     6     9     87    78    3     81    31      
117   9     5     5     9     75    66    4     70    42      
115   7     4     4     7     65    58    3     61    50      
88    8     4     4     6     63    57    2     59    25      
62    90    45    45    47    47    0     2     2     15      
58    84    42    42    44    44    0     2     2     14      
57    88    44    44    47    47    0     3     3     10      
57    85    43    43    46    46    0     3     3     11      
56    81    41    41    43    43    0     2     2     13      
55    87    44    44    46    46    0     2     2     9       
53    82    41    41    43    43    0     2     2     10      
52    70    35    35    37    37    0     2     2     15      
50    4     2     2     5     5     0     3     3     45      
48    64    32    32    34    34    0     2     2     14      
48    89    45    45    47    47    0     2     2     1       
47    68    34    34    37    37    0     3     3     10      
47    65    33    33    36    36    0     3     3     11      
46    61    31    31    33    33    0     2     2     13      
46    3     2     2     6     6     0     4     4     40      
45    67    34    34    36    36    0     2     2     9       
45    86    43    43    44    44    0     1     1     1       
45    83    42    42    44    44    0     2     2     1       
43    62    31    31    33    33    0     2     2     10      
42    50    25    25    27    27    0     2     2     15      
39    2     1     1     4     4     0     3     3     35      
38    44    22    22    24    24    0     2     2     14      
38    6     3     3     6     6     0     3     3     32      
38    69    35    35    37    37    0     2     2     1       
37    48    24    24    27    27    0     3     3     10      
37    45    23    23    26    26    0     3     3     11      
36    41    21    21    23    23    0     2     2     13      
35    47    24    24    26    26    0     2     2     9       
35    66    33    33    34    34    0     1     1     1       
35    63    32    32    34    34    0     2     2     1       
34    5     3     3     6     6     0     3     3     28      
34    1     1     1     4     4     0     3     3     30      
33    42    21    21    23    23    0     2     2     10      
32    30    15    15    17    17    0     2     2     15      
28    24    12    12    14    14    0     2     2     14      
28    49    25    25    27    27    0     2     2     1       
27    28    14    14    17    17    0     3     3     10      
27    25    13    13    16    16    0     3     3     11      
25    27    14    14    16    16    0     2     2     9       
25    21    11    11    13    13    0     2     2     12      
25    46    23    23    24    24    0     1     1     1       
25    43    22    22    24    24    0     2     2     1       
23    22    11    11    13    13    0     2     2     10      
18    29    15    15    17    17    0     2     2     1       
15    26    13    13    14    14    0     1     1     1       
15    23    12    12    14    14    0     2     2     1       

--- Statistics ---
Total orders     : 100
Finished orders  : 100
Cancelled orders : 0

Order percentages:
  Finished orders %  : 100.00%
  Cancelled orders % : 0.00%

Orders per type:
  ODG:16  ODN:12  OT:12  OVN:12  OVC:30  OVG:18

Avg waiting time (Ti)   : 205.24
Avg cooking time (TC)   : 2.71
Avg total wait   (Tw)   : 207.95
Avg service time (Tserv): 28.00

Chefs:
  Total chefs : 14
  CS chefs    : 6
  CN chefs    : 8

Scooters:
  Total scooters : 6
Chef utilization        : 2.1%
Scooter utilization    : 92.7%

Total simulation time   : 912
